1
12
123
1234
12345

        1
      1   2
    1   2   3
  1	  2	  3	  4
1	2	3	4	5

    1
   212
  32123
 4321234
543212345

99999999999999999
98888888888888889
98777777777777789
98766666666666789
98765555555556789
98765444444456789
98765433333456789
98765432223456789
98765432123456789
98765432223456789
98765433333456789
98765444444456789
98765555555556789
98766666666666789
98777777777777789
98888888888888889
99999999999999999

****    ****
*****   ****
******  **** 
**** ** ****
****  ******
****   *****
****    ****






